1 42 5
2 19 5
3 2 3
4 48 2
4 36 2
5 4 4
5 37 1
6 5 1
6 12 1
7 24 3
7 49 1
8 2 3
9 7 2
9 1 3
10 43 2
10 40 1
11 3 5
12 25 5
13 8 3
14 41 1
14 24 4
15 23 5
16 8 2
17 12 5
18 46 5
19 49 4
20 37 2
20 27 3
21 24 1
21 10 4
22 16 3
22 36 2
23 30 3
23 31 2
24 11 1
24 2 2
24 27 1
25 13 1
25 3 4
26 1 1
26 6 3
26 37 1
27 31 2
28 50 4
29 49 2
30 32 1
30 12 4
31 12 5
32 13 4
32 15 1
33 15 3
33 19 2
34 9 1
34 8 3
35 24 1
35 45 1
35 31 3
36 9 1
36 33 2
37 6 3
38 26 3
39 18 5
40 15 1
41 3 4
42 24 1
42 22 4
43 34 4
44 9 4
45 3 3
46 44 3
47 8 1
47 23 2
48 14 4
49 18 3
49 41 1
50 34 5
